0.26771, 0.53333
0.26979, 0.53333
0.27187, 0.53333
0.27396, 0.53333
0.27604, 0.53333
0.27812, 0.53333
0.28021, 0.53333
0.28229, 0.53333
0.28437, 0.53333
0.28646, 0.53333
0.28854, 0.53333
0.29062, 0.53333
0.29271, 0.53333
0.29479, 0.53333
0.29687, 0.53333
0.29896, 0.53333
0.30104, 0.53333
0.30312, 0.53333
0.30521, 0.53333
0.30729, 0.53333
0.30937, 0.53333
0.31146, 0.53333
0.31354, 0.53333
0.31562, 0.53333
0.31771, 0.53333
0.31979, 0.53333
0.32187, 0.53333
0.32396, 0.53333
0.32604, 0.53333
0.32812, 0.53333
0.33021, 0.53333
0.33229, 0.53333
0.26771, 0.53333
0.26979, 0.53333
0.27187, 0.53333
0.27396, 0.53333
0.27604, 0.53333
0.27812, 0.53333
0.28021, 0.53333
0.28229, 0.53333
0.28437, 0.53333
0.28646, 0.53333
0.28854, 0.53333
0.29062, 0.53333
0.29271, 0.53333
0.29479, 0.53333
0.29687, 0.53333
0.29896, 0.53333
0.30104, 0.53333
0.30312, 0.53333
0.30521, 0.53333
0.30729, 0.53333
0.30937, 0.53333
0.31146, 0.53333
0.31354, 0.53333
0.31562, 0.53333
0.31771, 0.53333
0.31979, 0.53333
0.32187, 0.53333
0.32396, 0.53333
0.32604, 0.53333
0.32812, 0.53333
0.33021, 0.53333
0.33229, 0.53333
